tier,source,n,pearson_r,signed_r2,note_what_the_library_varies
GOOD,2015_Marelli,10,+0.950,+0.902,Enantiomeric cyclic-peptide pairs
GOOD,2021_Lee,5,+0.850,+0.723,Cyclosporin-O derivatives (IHB/chameleonicity)
GOOD,2020_Le Roux,47,+0.835,+0.698,"Semipeptidic macrocycles, non-peptidic linkers"
GOOD,2022_Saunders,11,+0.829,+0.688,Backbone amides -> heterocycles
GOOD,2022_Lee,24,+0.705,+0.497,Cyclosporin O + peptoid side chains
GOOD,2015_Wang,50,+0.643,+0.414,Diverse cyclic-peptide natural products
GOOD,2016_Hickey,18,+0.627,+0.393,Exocyclic amide macrocycles
GOOD,2021_Golosov,23,+0.621,+0.385,Thioether cyclic-peptide scaffolds
GOOD,2021_Wang,24,+0.606,+0.367,Cyclic decapeptide flexibility/lipophilicity scan
GOOD,2016_Frost,12,+0.574,+0.330,Oxadiazole rings replacing amides
GOOD,2022_Taechalertpaisarn,52,+0.564,+0.318,New side-chain-to-backbone H-bond scaffold
GOOD,2015_Ahlbach,31,+0.544,+0.296,Diverse natural-product cyclic peptides
MEDIUM,2020_Barlow,26,+0.476,+0.227,Prodrug masking of H-bond donors
MEDIUM,2022_Tamura,10,+0.437,+0.191,Thiazoline ring-bridged macrocycles
MEDIUM,2020_Townsend,2881,+0.330,+0.109,"Combinatorial 6-/7-mer library: L/D stereochemistry, N-Me, peptoid, beta-AA substitutions on one fixed backbone"
MEDIUM,2021_Kelly,1519,+0.327,+0.107,"Lariat scaffolds, position-scanning"
MEDIUM,2022_Bhardwaj,133,+0.292,+0.085,Computationally designed macrocycles
MEDIUM,2021_Comeau,42,+0.275,+0.075,N-/C-methylation scan
FAIL,2015_Bockus_2,17,+0.160,+0.026,Small n
FAIL,2020_Furukawa,36,+0.016,+0.000,
FAIL,2018_Lee,6,+0.014,+0.000,Small n
FAIL,2006_Rezai_2,11,+0.008,+0.000,Small n
FAIL,2013_CHUGAI,878,-0.022,-0.001,"Non-bilayer biomimetic assay (10% lecithin, cholesterol, bile acid, pH 6.5). Outside the calibration range of the model. n is large, so this result is real"
FAIL,2016_Furukawa,680,-0.048,-0.002,"Peptomer (Calpha->N) scaffold. Sign flip is systematic; n is large, so this result is real"
FAIL,2017_Pye,20,-0.113,-0.013,
FAIL,2020_Hosono,11,-0.212,-0.045,Amide -> ester substitution
FAIL,2018_Kaneda,7,-0.221,-0.049,Small n
FAIL,2018_Naylor,72,-0.230,-0.053,PAMPA is the secondary assay here; primary assay is RRCK
FAIL,2006_Rezai_1,10,-0.243,-0.059,Small n
FAIL,2015_Bockus_1,15,-0.266,-0.071,Small n
FAIL,2019_Ono,8,-0.776,-0.602,"Small n, strong anti-correlation"
